1 220 10 9 11
2 220 10 9 12
3 220 11 9 12
4 220 14 13 15
5 220 14 13 16
6 220 15 13 16
7 220 26 25 27
8 220 26 25 28
9 220 27 25 28
10 220 30 29 31
11 220 30 29 32
12 220 31 29 32
13 220 42 41 43
14 220 42 41 44
15 220 43 41 44
16 220 46 45 47
17 220 46 45 48
18 220 47 45 48
19 220 58 57 59
20 220 58 57 60
21 220 59 57 60
22 220 62 61 63
23 220 62 61 64
24 220 63 61 64
25 220 74 73 75
26 220 74 73 76
27 220 75 73 76
28 220 78 77 79
29 220 78 77 80
30 220 79 77 80
31 220 90 89 91
32 220 90 89 92
33 220 91 89 92
34 220 94 93 95
35 220 94 93 96
36 220 95 93 96
37 220 106 105 107
38 220 106 105 108
39 220 107 105 108
40 220 110 109 111
41 220 110 109 112
42 220 111 109 112
43 220 122 121 123
44 220 122 121 124
45 220 123 121 124
46 220 126 125 127
47 220 126 125 128
48 220 127 125 128
49 262 4 9 10
50 262 4 9 11
51 262 4 9 12
52 262 8 13 14
53 262 8 13 15
54 262 8 13 16
55 262 20 25 26
56 262 20 25 27
57 262 20 25 28
58 262 24 29 30
59 262 24 29 31
60 262 24 29 32
61 262 36 41 42
62 262 36 41 43
63 262 36 41 44
64 262 40 45 46
65 262 40 45 47
66 262 40 45 48
67 262 52 57 58
68 262 52 57 59
69 262 52 57 60
70 262 56 61 62
71 262 56 61 63
72 262 56 61 64
73 262 68 73 74
74 262 68 73 75
75 262 68 73 76
76 262 72 77 78
77 262 72 77 79
78 262 72 77 80
79 262 84 89 90
80 262 84 89 91
81 262 84 89 92
82 262 88 93 94
83 262 88 93 95
84 262 88 93 96
85 262 100 105 106
86 262 100 105 107
87 262 100 105 108
88 262 104 109 110
89 262 104 109 111
90 262 104 109 112
91 262 116 121 122
92 262 116 121 123
93 262 116 121 124
94 262 120 125 126
95 262 120 125 127
96 262 120 125 128
97 733 1 4 3
98 733 2 8 3
99 733 17 20 19
100 733 18 24 19
101 733 33 36 35
102 733 34 40 35
103 733 49 52 51
104 733 50 56 51
105 733 65 68 67
106 733 66 72 67
107 733 81 84 83
108 733 82 88 83
109 733 97 100 99
110 733 98 104 99
111 733 113 116 115
112 733 114 120 115
113 842 4 3 7
114 842 7 3 8
115 842 20 19 23
116 842 23 19 24
117 842 36 35 39
118 842 39 35 40
119 842 52 51 55
120 842 55 51 56
121 842 68 67 71
122 842 71 67 72
123 842 84 83 87
124 842 87 83 88
125 842 100 99 103
126 842 103 99 104
127 842 116 115 119
128 842 119 115 120
129 843 4 3 8
130 843 20 19 24
131 843 36 35 40
132 843 52 51 56
133 843 68 67 72
134 843 84 83 88
135 843 100 99 104
136 843 116 115 120
137 874 4 1 5
138 874 20 17 21
139 874 36 33 37
140 874 52 49 53
141 874 68 65 69
142 874 84 81 85
143 874 100 97 101
144 874 116 113 117
145 874 6 2 8
146 874 22 18 24
147 874 38 34 40
148 874 54 50 56
149 874 70 66 72
150 874 86 82 88
151 874 102 98 104
152 874 118 114 120
153 888 2 1 4
154 888 1 2 8
155 888 18 17 20
156 888 17 18 24
157 888 34 33 36
158 888 33 34 40
159 888 50 49 52
160 888 49 50 56
161 888 66 65 68
162 888 65 66 72
163 888 82 81 84
164 888 81 82 88
165 888 98 97 100
166 888 97 98 104
167 888 114 113 116
168 888 113 114 120
