1 1 502 0.00 0.738 -2.904 0.064 #      C
2 1 502 0.00 2.084 -2.863 0.01 #     C
3 1 499 0.00 1.423 -0.719 0.084 #    C
4 1 498 0.00 0.234 -1.554 0.362 #    N
5 1 506 0.00 0.135 -3.774 -0.09 #    H
6 1 505 0.00 2.739 -3.707 -0.049 #     H
7 1 504 0.00 1.407 0.342 -0.053 #     H
8 1 498 0.00 2.488 -1.457 0.025 #   N
9 1 772 0.00 -0.944 -1.179 -0.434 #   C
10 1 85 0.00 -1.751 -1.845 -0.211 #    H
11 1 85 0.00 -1.232 -0.177 -0.195 #    H
12 1 85 0.00 -0.706 -1.243 -1.475 #    H
13 1 772 0.00 3.871 -0.963 -0.039 #   C
14 1 85 0.00 4.525 -1.675 0.42 #     H
15 1 85 0.00 4.154 -0.825 -1.061 #    H
16 1 85 0.00 3.94 -0.03 0.48 #   H
