
  1  4 9
  2  8 13
  3  2 1
  4  4 1
  5  3 4
  6  8 3
  7  2 8
  8  3 7
  9  2 6
  10  1 5
  11  9 10
  12  9 11
  13  9 12
  14  13 14
  15  13 15
  16  13 16

  17  20 25
  18  24 29
  19  18 17
  20  20 17
  21  19 20
  22  24 19
  23  18 24
  24  19 23
  25  18 22
  26  17 21
  27  25 26
  28  25 27
  29  25 28
  30  29 30
  31  29 31
  32  29 32

  33  36 41
  34  40 45
  35  34 33
  36  36 33
  37  35 36
  38  40 35
  39  34 40
  40  35 39
  41  34 38
  42  33 37
  43  41 42
  44  41 43
  45  41 44
  46  45 46
  47  45 47
  48  45 48

  49  52 57
  50  56 61
  51  50 49
  52  52 49
  53  51 52
  54  56 51
  55  50 56
  56  51 55
  57  50 54
  58  49 53
  59  57 58
  60  57 59
  61  57 60
  62  61 62
  63  61 63
  64  61 64

  65  68 73
  66  72 77
  67  66 65
  68  68 65
  69  67 68
  70  72 67
  71  66 72
  72  67 71
  73  66 70
  74  65 69
  75  73 74
  76  73 75
  77  73 76
  78  77 78
  79  77 79
  80  77 80

  81  84 89
  82  88 93
  83  82 81
  84  84 81
  85  83 84
  86  88 83
  87  82 88
  88  83 87
  89  82 86
  90  81 85
  91  89 90
  92  89 91
  93  89 92
  94  93 94
  95  93 95
  96  93 96

  97  100 105
  98  104 109
  99  98 97
  100  100 97
  101  99 100
  102  104 99
  103  98 104
  104  99 103
  105  98 102
  106  97 101
  107  105 106
  108  105 107
  109  105 108
  110  109 110
  111  109 111
  112  109 112

  113  116 121
  114  120 125
  115  114 113
  116  116 113
  117  115 116
  118  120 115
  119  114 120
  120  115 119
  121  114 118
  122  113 117
  123  121 122
  124  121 123
  125  121 124
  126  125 126
  127  125 127
  128  125 128

  129  132 137
  130  136 141
  131  130 129
  132  132 129
  133  131 132
  134  136 131
  135  130 136
  136  131 135
  137  130 134
  138  129 133
  139  137 138
  140  137 139
  141  137 140
  142  141 142
  143  141 143
  144  141 144

  145  148 153
  146  152 157
  147  146 145
  148  148 145
  149  147 148
  150  152 147
  151  146 152
  152  147 151
  153  146 150
  154  145 149
  155  153 154
  156  153 155
  157  153 156
  158  157 158
  159  157 159
  160  157 160

  161  164 169
  162  168 173
  163  162 161
  164  164 161
  165  163 164
  166  168 163
  167  162 168
  168  163 167
  169  162 166
  170  161 165
  171  169 170
  172  169 171
  173  169 172
  174  173 174
  175  173 175
  176  173 176

  177  180 185
  178  184 189
  179  178 177
  180  180 177
  181  179 180
  182  184 179
  183  178 184
  184  179 183
  185  178 182
  186  177 181
  187  185 186
  188  185 187
  189  185 188
  190  189 190
  191  189 191
  192  189 192

  193  196 201
  194  200 205
  195  194 193
  196  196 193
  197  195 196
  198  200 195
  199  194 200
  200  195 199
  201  194 198
  202  193 197
  203  201 202
  204  201 203
  205  201 204
  206  205 206
  207  205 207
  208  205 208

  209  212 217
  210  216 221
  211  210 209
  212  212 209
  213  211 212
  214  216 211
  215  210 216
  216  211 215
  217  210 214
  218  209 213
  219  217 218
  220  217 219
  221  217 220
  222  221 222
  223  221 223
  224  221 224

  225  228 233
  226  232 237
  227  226 225
  228  228 225
  229  227 228
  230  232 227
  231  226 232
  232  227 231
  233  226 230
  234  225 229
  235  233 234
  236  233 235
  237  233 236
  238  237 238
  239  237 239
  240  237 240

  241  244 249
  242  248 253
  243  242 241
  244  244 241
  245  243 244
  246  248 243
  247  242 248
  248  243 247
  249  242 246
  250  241 245
  251  249 250
  252  249 251
  253  249 252
  254  253 254
  255  253 255
  256  253 256

  257  260 265
  258  264 269
  259  258 257
  260  260 257
  261  259 260
  262  264 259
  263  258 264
  264  259 263
  265  258 262
  266  257 261
  267  265 266
  268  265 267
  269  265 268
  270  269 270
  271  269 271
  272  269 272

  273  276 281
  274  280 285
  275  274 273
  276  276 273
  277  275 276
  278  280 275
  279  274 280
  280  275 279
  281  274 278
  282  273 277
  283  281 282
  284  281 283
  285  281 284
  286  285 286
  287  285 287
  288  285 288

  289  292 297
  290  296 301
  291  290 289
  292  292 289
  293  291 292
  294  296 291
  295  290 296
  296  291 295
  297  290 294
  298  289 293
  299  297 298
  300  297 299
  301  297 300
  302  301 302
  303  301 303
  304  301 304

  305  308 313
  306  312 317
  307  306 305
  308  308 305
  309  307 308
  310  312 307
  311  306 312
  312  307 311
  313  306 310
  314  305 309
  315  313 314
  316  313 315
  317  313 316
  318  317 318
  319  317 319
  320  317 320

  321  324 329
  322  328 333
  323  322 321
  324  324 321
  325  323 324
  326  328 323
  327  322 328
  328  323 327
  329  322 326
  330  321 325
  331  329 330
  332  329 331
  333  329 332
  334  333 334
  335  333 335
  336  333 336

  337  340 345
  338  344 349
  339  338 337
  340  340 337
  341  339 340
  342  344 339
  343  338 344
  344  339 343
  345  338 342
  346  337 341
  347  345 346
  348  345 347
  349  345 348
  350  349 350
  351  349 351
  352  349 352

  353  356 361
  354  360 365
  355  354 353
  356  356 353
  357  355 356
  358  360 355
  359  354 360
  360  355 359
  361  354 358
  362  353 357
  363  361 362
  364  361 363
  365  361 364
  366  365 366
  367  365 367
  368  365 368

  369  372 377
  370  376 381
  371  370 369
  372  372 369
  373  371 372
  374  376 371
  375  370 376
  376  371 375
  377  370 374
  378  369 373
  379  377 378
  380  377 379
  381  377 380
  382  381 382
  383  381 383
  384  381 384

  385  388 393
  386  392 397
  387  386 385
  388  388 385
  389  387 388
  390  392 387
  391  386 392
  392  387 391
  393  386 390
  394  385 389
  395  393 394
  396  393 395
  397  393 396
  398  397 398
  399  397 399
  400  397 400

  401  404 409
  402  408 413
  403  402 401
  404  404 401
  405  403 404
  406  408 403
  407  402 408
  408  403 407
  409  402 406
  410  401 405
  411  409 410
  412  409 411
  413  409 412
  414  413 414
  415  413 415
  416  413 416

  417  420 425
  418  424 429
  419  418 417
  420  420 417
  421  419 420
  422  424 419
  423  418 424
  424  419 423
  425  418 422
  426  417 421
  427  425 426
  428  425 427
  429  425 428
  430  429 430
  431  429 431
  432  429 432

  433  436 441
  434  440 445
  435  434 433
  436  436 433
  437  435 436
  438  440 435
  439  434 440
  440  435 439
  441  434 438
  442  433 437
  443  441 442
  444  441 443
  445  441 444
  446  445 446
  447  445 447
  448  445 448

  449  452 457
  450  456 461
  451  450 449
  452  452 449
  453  451 452
  454  456 451
  455  450 456
  456  451 455
  457  450 454
  458  449 453
  459  457 458
  460  457 459
  461  457 460
  462  461 462
  463  461 463
  464  461 464

  465  468 473
  466  472 477
  467  466 465
  468  468 465
  469  467 468
  470  472 467
  471  466 472
  472  467 471
  473  466 470
  474  465 469
  475  473 474
  476  473 475
  477  473 476
  478  477 478
  479  477 479
  480  477 480

  481  484 489
  482  488 493
  483  482 481
  484  484 481
  485  483 484
  486  488 483
  487  482 488
  488  483 487
  489  482 486
  490  481 485
  491  489 490
  492  489 491
  493  489 492
  494  493 494
  495  493 495
  496  493 496

  497  500 505
  498  504 509
  499  498 497
  500  500 497
  501  499 500
  502  504 499
  503  498 504
  504  499 503
  505  498 502
  506  497 501
  507  505 506
  508  505 507
  509  505 508
  510  509 510
  511  509 511
  512  509 512

  513  516 521
  514  520 525
  515  514 513
  516  516 513
  517  515 516
  518  520 515
  519  514 520
  520  515 519
  521  514 518
  522  513 517
  523  521 522
  524  521 523
  525  521 524
  526  525 526
  527  525 527
  528  525 528

  529  532 537
  530  536 541
  531  530 529
  532  532 529
  533  531 532
  534  536 531
  535  530 536
  536  531 535
  537  530 534
  538  529 533
  539  537 538
  540  537 539
  541  537 540
  542  541 542
  543  541 543
  544  541 544

  545  548 553
  546  552 557
  547  546 545
  548  548 545
  549  547 548
  550  552 547
  551  546 552
  552  547 551
  553  546 550
  554  545 549
  555  553 554
  556  553 555
  557  553 556
  558  557 558
  559  557 559
  560  557 560

  561  564 569
  562  568 573
  563  562 561
  564  564 561
  565  563 564
  566  568 563
  567  562 568
  568  563 567
  569  562 566
  570  561 565
  571  569 570
  572  569 571
  573  569 572
  574  573 574
  575  573 575
  576  573 576

  577  580 585
  578  584 589
  579  578 577
  580  580 577
  581  579 580
  582  584 579
  583  578 584
  584  579 583
  585  578 582
  586  577 581
  587  585 586
  588  585 587
  589  585 588
  590  589 590
  591  589 591
  592  589 592

  593  596 601
  594  600 605
  595  594 593
  596  596 593
  597  595 596
  598  600 595
  599  594 600
  600  595 599
  601  594 598
  602  593 597
  603  601 602
  604  601 603
  605  601 604
  606  605 606
  607  605 607
  608  605 608

  609  612 617
  610  616 621
  611  610 609
  612  612 609
  613  611 612
  614  616 611
  615  610 616
  616  611 615
  617  610 614
  618  609 613
  619  617 618
  620  617 619
  621  617 620
  622  621 622
  623  621 623
  624  621 624

  625  628 633
  626  632 637
  627  626 625
  628  628 625
  629  627 628
  630  632 627
  631  626 632
  632  627 631
  633  626 630
  634  625 629
  635  633 634
  636  633 635
  637  633 636
  638  637 638
  639  637 639
  640  637 640

  641  644 649
  642  648 653
  643  642 641
  644  644 641
  645  643 644
  646  648 643
  647  642 648
  648  643 647
  649  642 646
  650  641 645
  651  649 650
  652  649 651
  653  649 652
  654  653 654
  655  653 655
  656  653 656

  657  660 665
  658  664 669
  659  658 657
  660  660 657
  661  659 660
  662  664 659
  663  658 664
  664  659 663
  665  658 662
  666  657 661
  667  665 666
  668  665 667
  669  665 668
  670  669 670
  671  669 671
  672  669 672

  673  676 681
  674  680 685
  675  674 673
  676  676 673
  677  675 676
  678  680 675
  679  674 680
  680  675 679
  681  674 678
  682  673 677
  683  681 682
  684  681 683
  685  681 684
  686  685 686
  687  685 687
  688  685 688

  689  692 697
  690  696 701
  691  690 689
  692  692 689
  693  691 692
  694  696 691
  695  690 696
  696  691 695
  697  690 694
  698  689 693
  699  697 698
  700  697 699
  701  697 700
  702  701 702
  703  701 703
  704  701 704

  705  708 713
  706  712 717
  707  706 705
  708  708 705
  709  707 708
  710  712 707
  711  706 712
  712  707 711
  713  706 710
  714  705 709
  715  713 714
  716  713 715
  717  713 716
  718  717 718
  719  717 719
  720  717 720

  721  724 729
  722  728 733
  723  722 721
  724  724 721
  725  723 724
  726  728 723
  727  722 728
  728  723 727
  729  722 726
  730  721 725
  731  729 730
  732  729 731
  733  729 732
  734  733 734
  735  733 735
  736  733 736

  737  740 745
  738  744 749
  739  738 737
  740  740 737
  741  739 740
  742  744 739
  743  738 744
  744  739 743
  745  738 742
  746  737 741
  747  745 746
  748  745 747
  749  745 748
  750  749 750
  751  749 751
  752  749 752

  753  756 761
  754  760 765
  755  754 753
  756  756 753
  757  755 756
  758  760 755
  759  754 760
  760  755 759
  761  754 758
  762  753 757
  763  761 762
  764  761 763
  765  761 764
  766  765 766
  767  765 767
  768  765 768

  769  772 777
  770  776 781
  771  770 769
  772  772 769
  773  771 772
  774  776 771
  775  770 776
  776  771 775
  777  770 774
  778  769 773
  779  777 778
  780  777 779
  781  777 780
  782  781 782
  783  781 783
  784  781 784

  785  788 793
  786  792 797
  787  786 785
  788  788 785
  789  787 788
  790  792 787
  791  786 792
  792  787 791
  793  786 790
  794  785 789
  795  793 794
  796  793 795
  797  793 796
  798  797 798
  799  797 799
  800  797 800

  801  804 809
  802  808 813
  803  802 801
  804  804 801
  805  803 804
  806  808 803
  807  802 808
  808  803 807
  809  802 806
  810  801 805
  811  809 810
  812  809 811
  813  809 812
  814  813 814
  815  813 815
  816  813 816

  817  820 825
  818  824 829
  819  818 817
  820  820 817
  821  819 820
  822  824 819
  823  818 824
  824  819 823
  825  818 822
  826  817 821
  827  825 826
  828  825 827
  829  825 828
  830  829 830
  831  829 831
  832  829 832

  833  836 841
  834  840 845
  835  834 833
  836  836 833
  837  835 836
  838  840 835
  839  834 840
  840  835 839
  841  834 838
  842  833 837
  843  841 842
  844  841 843
  845  841 844
  846  845 846
  847  845 847
  848  845 848

  849  852 857
  850  856 861
  851  850 849
  852  852 849
  853  851 852
  854  856 851
  855  850 856
  856  851 855
  857  850 854
  858  849 853
  859  857 858
  860  857 859
  861  857 860
  862  861 862
  863  861 863
  864  861 864

  865  868 873
  866  872 877
  867  866 865
  868  868 865
  869  867 868
  870  872 867
  871  866 872
  872  867 871
  873  866 870
  874  865 869
  875  873 874
  876  873 875
  877  873 876
  878  877 878
  879  877 879
  880  877 880

  881  884 889
  882  888 893
  883  882 881
  884  884 881
  885  883 884
  886  888 883
  887  882 888
  888  883 887
  889  882 886
  890  881 885
  891  889 890
  892  889 891
  893  889 892
  894  893 894
  895  893 895
  896  893 896

  897  900 905
  898  904 909
  899  898 897
  900  900 897
  901  899 900
  902  904 899
  903  898 904
  904  899 903
  905  898 902
  906  897 901
  907  905 906
  908  905 907
  909  905 908
  910  909 910
  911  909 911
  912  909 912

  913  916 921
  914  920 925
  915  914 913
  916  916 913
  917  915 916
  918  920 915
  919  914 920
  920  915 919
  921  914 918
  922  913 917
  923  921 922
  924  921 923
  925  921 924
  926  925 926
  927  925 927
  928  925 928

  929  932 937
  930  936 941
  931  930 929
  932  932 929
  933  931 932
  934  936 931
  935  930 936
  936  931 935
  937  930 934
  938  929 933
  939  937 938
  940  937 939
  941  937 940
  942  941 942
  943  941 943
  944  941 944

  945  948 953
  946  952 957
  947  946 945
  948  948 945
  949  947 948
  950  952 947
  951  946 952
  952  947 951
  953  946 950
  954  945 949
  955  953 954
  956  953 955
  957  953 956
  958  957 958
  959  957 959
  960  957 960

  961  964 969
  962  968 973
  963  962 961
  964  964 961
  965  963 964
  966  968 963
  967  962 968
  968  963 967
  969  962 966
  970  961 965
  971  969 970
  972  969 971
  973  969 972
  974  973 974
  975  973 975
  976  973 976

  977  980 985
  978  984 989
  979  978 977
  980  980 977
  981  979 980
  982  984 979
  983  978 984
  984  979 983
  985  978 982
  986  977 981
  987  985 986
  988  985 987
  989  985 988
  990  989 990
  991  989 991
  992  989 992

  993  996 1001
  994  1000 1005
  995  994 993
  996  996 993
  997  995 996
  998  1000 995
  999  994 1000
  1000  995 999
  1001  994 998
  1002  993 997
  1003  1001 1002
  1004  1001 1003
  1005  1001 1004
  1006  1005 1006
  1007  1005 1007
  1008  1005 1008

  1009  1012 1017
  1010  1016 1021
  1011  1010 1009
  1012  1012 1009
  1013  1011 1012
  1014  1016 1011
  1015  1010 1016
  1016  1011 1015
  1017  1010 1014
  1018  1009 1013
  1019  1017 1018
  1020  1017 1019
  1021  1017 1020
  1022  1021 1022
  1023  1021 1023
  1024  1021 1024

  1025  1028 1033
  1026  1032 1037
  1027  1026 1025
  1028  1028 1025
  1029  1027 1028
  1030  1032 1027
  1031  1026 1032
  1032  1027 1031
  1033  1026 1030
  1034  1025 1029
  1035  1033 1034
  1036  1033 1035
  1037  1033 1036
  1038  1037 1038
  1039  1037 1039
  1040  1037 1040

  1041  1044 1049
  1042  1048 1053
  1043  1042 1041
  1044  1044 1041
  1045  1043 1044
  1046  1048 1043
  1047  1042 1048
  1048  1043 1047
  1049  1042 1046
  1050  1041 1045
  1051  1049 1050
  1052  1049 1051
  1053  1049 1052
  1054  1053 1054
  1055  1053 1055
  1056  1053 1056

  1057  1060 1065
  1058  1064 1069
  1059  1058 1057
  1060  1060 1057
  1061  1059 1060
  1062  1064 1059
  1063  1058 1064
  1064  1059 1063
  1065  1058 1062
  1066  1057 1061
  1067  1065 1066
  1068  1065 1067
  1069  1065 1068
  1070  1069 1070
  1071  1069 1071
  1072  1069 1072

  1073  1076 1081
  1074  1080 1085
  1075  1074 1073
  1076  1076 1073
  1077  1075 1076
  1078  1080 1075
  1079  1074 1080
  1080  1075 1079
  1081  1074 1078
  1082  1073 1077
  1083  1081 1082
  1084  1081 1083
  1085  1081 1084
  1086  1085 1086
  1087  1085 1087
  1088  1085 1088

  1089  1092 1097
  1090  1096 1101
  1091  1090 1089
  1092  1092 1089
  1093  1091 1092
  1094  1096 1091
  1095  1090 1096
  1096  1091 1095
  1097  1090 1094
  1098  1089 1093
  1099  1097 1098
  1100  1097 1099
  1101  1097 1100
  1102  1101 1102
  1103  1101 1103
  1104  1101 1104

  1105  1108 1113
  1106  1112 1117
  1107  1106 1105
  1108  1108 1105
  1109  1107 1108
  1110  1112 1107
  1111  1106 1112
  1112  1107 1111
  1113  1106 1110
  1114  1105 1109
  1115  1113 1114
  1116  1113 1115
  1117  1113 1116
  1118  1117 1118
  1119  1117 1119
  1120  1117 1120

  1121  1124 1129
  1122  1128 1133
  1123  1122 1121
  1124  1124 1121
  1125  1123 1124
  1126  1128 1123
  1127  1122 1128
  1128  1123 1127
  1129  1122 1126
  1130  1121 1125
  1131  1129 1130
  1132  1129 1131
  1133  1129 1132
  1134  1133 1134
  1135  1133 1135
  1136  1133 1136

  1137  1140 1145
  1138  1144 1149
  1139  1138 1137
  1140  1140 1137
  1141  1139 1140
  1142  1144 1139
  1143  1138 1144
  1144  1139 1143
  1145  1138 1142
  1146  1137 1141
  1147  1145 1146
  1148  1145 1147
  1149  1145 1148
  1150  1149 1150
  1151  1149 1151
  1152  1149 1152

  1153  1156 1161
  1154  1160 1165
  1155  1154 1153
  1156  1156 1153
  1157  1155 1156
  1158  1160 1155
  1159  1154 1160
  1160  1155 1159
  1161  1154 1158
  1162  1153 1157
  1163  1161 1162
  1164  1161 1163
  1165  1161 1164
  1166  1165 1166
  1167  1165 1167
  1168  1165 1168

  1169  1172 1177
  1170  1176 1181
  1171  1170 1169
  1172  1172 1169
  1173  1171 1172
  1174  1176 1171
  1175  1170 1176
  1176  1171 1175
  1177  1170 1174
  1178  1169 1173
  1179  1177 1178
  1180  1177 1179
  1181  1177 1180
  1182  1181 1182
  1183  1181 1183
  1184  1181 1184

  1185  1188 1193
  1186  1192 1197
  1187  1186 1185
  1188  1188 1185
  1189  1187 1188
  1190  1192 1187
  1191  1186 1192
  1192  1187 1191
  1193  1186 1190
  1194  1185 1189
  1195  1193 1194
  1196  1193 1195
  1197  1193 1196
  1198  1197 1198
  1199  1197 1199
  1200  1197 1200

  1201  1204 1209
  1202  1208 1213
  1203  1202 1201
  1204  1204 1201
  1205  1203 1204
  1206  1208 1203
  1207  1202 1208
  1208  1203 1207
  1209  1202 1206
  1210  1201 1205
  1211  1209 1210
  1212  1209 1211
  1213  1209 1212
  1214  1213 1214
  1215  1213 1215
  1216  1213 1216

  1217  1220 1225
  1218  1224 1229
  1219  1218 1217
  1220  1220 1217
  1221  1219 1220
  1222  1224 1219
  1223  1218 1224
  1224  1219 1223
  1225  1218 1222
  1226  1217 1221
  1227  1225 1226
  1228  1225 1227
  1229  1225 1228
  1230  1229 1230
  1231  1229 1231
  1232  1229 1232

  1233  1236 1241
  1234  1240 1245
  1235  1234 1233
  1236  1236 1233
  1237  1235 1236
  1238  1240 1235
  1239  1234 1240
  1240  1235 1239
  1241  1234 1238
  1242  1233 1237
  1243  1241 1242
  1244  1241 1243
  1245  1241 1244
  1246  1245 1246
  1247  1245 1247
  1248  1245 1248

  1249  1252 1257
  1250  1256 1261
  1251  1250 1249
  1252  1252 1249
  1253  1251 1252
  1254  1256 1251
  1255  1250 1256
  1256  1251 1255
  1257  1250 1254
  1258  1249 1253
  1259  1257 1258
  1260  1257 1259
  1261  1257 1260
  1262  1261 1262
  1263  1261 1263
  1264  1261 1264

  1265  1268 1273
  1266  1272 1277
  1267  1266 1265
  1268  1268 1265
  1269  1267 1268
  1270  1272 1267
  1271  1266 1272
  1272  1267 1271
  1273  1266 1270
  1274  1265 1269
  1275  1273 1274
  1276  1273 1275
  1277  1273 1276
  1278  1277 1278
  1279  1277 1279
  1280  1277 1280

  1281  1284 1289
  1282  1288 1293
  1283  1282 1281
  1284  1284 1281
  1285  1283 1284
  1286  1288 1283
  1287  1282 1288
  1288  1283 1287
  1289  1282 1286
  1290  1281 1285
  1291  1289 1290
  1292  1289 1291
  1293  1289 1292
  1294  1293 1294
  1295  1293 1295
  1296  1293 1296

  1297  1300 1305
  1298  1304 1309
  1299  1298 1297
  1300  1300 1297
  1301  1299 1300
  1302  1304 1299
  1303  1298 1304
  1304  1299 1303
  1305  1298 1302
  1306  1297 1301
  1307  1305 1306
  1308  1305 1307
  1309  1305 1308
  1310  1309 1310
  1311  1309 1311
  1312  1309 1312

  1313  1316 1321
  1314  1320 1325
  1315  1314 1313
  1316  1316 1313
  1317  1315 1316
  1318  1320 1315
  1319  1314 1320
  1320  1315 1319
  1321  1314 1318
  1322  1313 1317
  1323  1321 1322
  1324  1321 1323
  1325  1321 1324
  1326  1325 1326
  1327  1325 1327
  1328  1325 1328

  1329  1332 1337
  1330  1336 1341
  1331  1330 1329
  1332  1332 1329
  1333  1331 1332
  1334  1336 1331
  1335  1330 1336
  1336  1331 1335
  1337  1330 1334
  1338  1329 1333
  1339  1337 1338
  1340  1337 1339
  1341  1337 1340
  1342  1341 1342
  1343  1341 1343
  1344  1341 1344

  1345  1348 1353
  1346  1352 1357
  1347  1346 1345
  1348  1348 1345
  1349  1347 1348
  1350  1352 1347
  1351  1346 1352
  1352  1347 1351
  1353  1346 1350
  1354  1345 1349
  1355  1353 1354
  1356  1353 1355
  1357  1353 1356
  1358  1357 1358
  1359  1357 1359
  1360  1357 1360

  1361  1364 1369
  1362  1368 1373
  1363  1362 1361
  1364  1364 1361
  1365  1363 1364
  1366  1368 1363
  1367  1362 1368
  1368  1363 1367
  1369  1362 1366
  1370  1361 1365
  1371  1369 1370
  1372  1369 1371
  1373  1369 1372
  1374  1373 1374
  1375  1373 1375
  1376  1373 1376

  1377  1380 1385
  1378  1384 1389
  1379  1378 1377
  1380  1380 1377
  1381  1379 1380
  1382  1384 1379
  1383  1378 1384
  1384  1379 1383
  1385  1378 1382
  1386  1377 1381
  1387  1385 1386
  1388  1385 1387
  1389  1385 1388
  1390  1389 1390
  1391  1389 1391
  1392  1389 1392

  1393  1396 1401
  1394  1400 1405
  1395  1394 1393
  1396  1396 1393
  1397  1395 1396
  1398  1400 1395
  1399  1394 1400
  1400  1395 1399
  1401  1394 1398
  1402  1393 1397
  1403  1401 1402
  1404  1401 1403
  1405  1401 1404
  1406  1405 1406
  1407  1405 1407
  1408  1405 1408

  1409  1412 1417
  1410  1416 1421
  1411  1410 1409
  1412  1412 1409
  1413  1411 1412
  1414  1416 1411
  1415  1410 1416
  1416  1411 1415
  1417  1410 1414
  1418  1409 1413
  1419  1417 1418
  1420  1417 1419
  1421  1417 1420
  1422  1421 1422
  1423  1421 1423
  1424  1421 1424

  1425  1428 1433
  1426  1432 1437
  1427  1426 1425
  1428  1428 1425
  1429  1427 1428
  1430  1432 1427
  1431  1426 1432
  1432  1427 1431
  1433  1426 1430
  1434  1425 1429
  1435  1433 1434
  1436  1433 1435
  1437  1433 1436
  1438  1437 1438
  1439  1437 1439
  1440  1437 1440

  1441  1444 1449
  1442  1448 1453
  1443  1442 1441
  1444  1444 1441
  1445  1443 1444
  1446  1448 1443
  1447  1442 1448
  1448  1443 1447
  1449  1442 1446
  1450  1441 1445
  1451  1449 1450
  1452  1449 1451
  1453  1449 1452
  1454  1453 1454
  1455  1453 1455
  1456  1453 1456

  1457  1460 1465
  1458  1464 1469
  1459  1458 1457
  1460  1460 1457
  1461  1459 1460
  1462  1464 1459
  1463  1458 1464
  1464  1459 1463
  1465  1458 1462
  1466  1457 1461
  1467  1465 1466
  1468  1465 1467
  1469  1465 1468
  1470  1469 1470
  1471  1469 1471
  1472  1469 1472

  1473  1476 1481
  1474  1480 1485
  1475  1474 1473
  1476  1476 1473
  1477  1475 1476
  1478  1480 1475
  1479  1474 1480
  1480  1475 1479
  1481  1474 1478
  1482  1473 1477
  1483  1481 1482
  1484  1481 1483
  1485  1481 1484
  1486  1485 1486
  1487  1485 1487
  1488  1485 1488

  1489  1492 1497
  1490  1496 1501
  1491  1490 1489
  1492  1492 1489
  1493  1491 1492
  1494  1496 1491
  1495  1490 1496
  1496  1491 1495
  1497  1490 1494
  1498  1489 1493
  1499  1497 1498
  1500  1497 1499
  1501  1497 1500
  1502  1501 1502
  1503  1501 1503
  1504  1501 1504

  1505  1508 1513
  1506  1512 1517
  1507  1506 1505
  1508  1508 1505
  1509  1507 1508
  1510  1512 1507
  1511  1506 1512
  1512  1507 1511
  1513  1506 1510
  1514  1505 1509
  1515  1513 1514
  1516  1513 1515
  1517  1513 1516
  1518  1517 1518
  1519  1517 1519
  1520  1517 1520

  1521  1524 1529
  1522  1528 1533
  1523  1522 1521
  1524  1524 1521
  1525  1523 1524
  1526  1528 1523
  1527  1522 1528
  1528  1523 1527
  1529  1522 1526
  1530  1521 1525
  1531  1529 1530
  1532  1529 1531
  1533  1529 1532
  1534  1533 1534
  1535  1533 1535
  1536  1533 1536

  1537  1540 1545
  1538  1544 1549
  1539  1538 1537
  1540  1540 1537
  1541  1539 1540
  1542  1544 1539
  1543  1538 1544
  1544  1539 1543
  1545  1538 1542
  1546  1537 1541
  1547  1545 1546
  1548  1545 1547
  1549  1545 1548
  1550  1549 1550
  1551  1549 1551
  1552  1549 1552

  1553  1556 1561
  1554  1560 1565
  1555  1554 1553
  1556  1556 1553
  1557  1555 1556
  1558  1560 1555
  1559  1554 1560
  1560  1555 1559
  1561  1554 1558
  1562  1553 1557
  1563  1561 1562
  1564  1561 1563
  1565  1561 1564
  1566  1565 1566
  1567  1565 1567
  1568  1565 1568

  1569  1572 1577
  1570  1576 1581
  1571  1570 1569
  1572  1572 1569
  1573  1571 1572
  1574  1576 1571
  1575  1570 1576
  1576  1571 1575
  1577  1570 1574
  1578  1569 1573
  1579  1577 1578
  1580  1577 1579
  1581  1577 1580
  1582  1581 1582
  1583  1581 1583
  1584  1581 1584

  1585  1588 1593
  1586  1592 1597
  1587  1586 1585
  1588  1588 1585
  1589  1587 1588
  1590  1592 1587
  1591  1586 1592
  1592  1587 1591
  1593  1586 1590
  1594  1585 1589
  1595  1593 1594
  1596  1593 1595
  1597  1593 1596
  1598  1597 1598
  1599  1597 1599
  1600  1597 1600

  1601  1604 1609
  1602  1608 1613
  1603  1602 1601
  1604  1604 1601
  1605  1603 1604
  1606  1608 1603
  1607  1602 1608
  1608  1603 1607
  1609  1602 1606
  1610  1601 1605
  1611  1609 1610
  1612  1609 1611
  1613  1609 1612
  1614  1613 1614
  1615  1613 1615
  1616  1613 1616

  1617  1620 1625
  1618  1624 1629
  1619  1618 1617
  1620  1620 1617
  1621  1619 1620
  1622  1624 1619
  1623  1618 1624
  1624  1619 1623
  1625  1618 1622
  1626  1617 1621
  1627  1625 1626
  1628  1625 1627
  1629  1625 1628
  1630  1629 1630
  1631  1629 1631
  1632  1629 1632

  1633  1636 1641
  1634  1640 1645
  1635  1634 1633
  1636  1636 1633
  1637  1635 1636
  1638  1640 1635
  1639  1634 1640
  1640  1635 1639
  1641  1634 1638
  1642  1633 1637
  1643  1641 1642
  1644  1641 1643
  1645  1641 1644
  1646  1645 1646
  1647  1645 1647
  1648  1645 1648

  1649  1652 1657
  1650  1656 1661
  1651  1650 1649
  1652  1652 1649
  1653  1651 1652
  1654  1656 1651
  1655  1650 1656
  1656  1651 1655
  1657  1650 1654
  1658  1649 1653
  1659  1657 1658
  1660  1657 1659
  1661  1657 1660
  1662  1661 1662
  1663  1661 1663
  1664  1661 1664

  1665  1668 1673
  1666  1672 1677
  1667  1666 1665
  1668  1668 1665
  1669  1667 1668
  1670  1672 1667
  1671  1666 1672
  1672  1667 1671
  1673  1666 1670
  1674  1665 1669
  1675  1673 1674
  1676  1673 1675
  1677  1673 1676
  1678  1677 1678
  1679  1677 1679
  1680  1677 1680

  1681  1684 1689
  1682  1688 1693
  1683  1682 1681
  1684  1684 1681
  1685  1683 1684
  1686  1688 1683
  1687  1682 1688
  1688  1683 1687
  1689  1682 1686
  1690  1681 1685
  1691  1689 1690
  1692  1689 1691
  1693  1689 1692
  1694  1693 1694
  1695  1693 1695
  1696  1693 1696

  1697  1700 1705
  1698  1704 1709
  1699  1698 1697
  1700  1700 1697
  1701  1699 1700
  1702  1704 1699
  1703  1698 1704
  1704  1699 1703
  1705  1698 1702
  1706  1697 1701
  1707  1705 1706
  1708  1705 1707
  1709  1705 1708
  1710  1709 1710
  1711  1709 1711
  1712  1709 1712

  1713  1716 1721
  1714  1720 1725
  1715  1714 1713
  1716  1716 1713
  1717  1715 1716
  1718  1720 1715
  1719  1714 1720
  1720  1715 1719
  1721  1714 1718
  1722  1713 1717
  1723  1721 1722
  1724  1721 1723
  1725  1721 1724
  1726  1725 1726
  1727  1725 1727
  1728  1725 1728

  1729  1732 1737
  1730  1736 1741
  1731  1730 1729
  1732  1732 1729
  1733  1731 1732
  1734  1736 1731
  1735  1730 1736
  1736  1731 1735
  1737  1730 1734
  1738  1729 1733
  1739  1737 1738
  1740  1737 1739
  1741  1737 1740
  1742  1741 1742
  1743  1741 1743
  1744  1741 1744

  1745  1748 1753
  1746  1752 1757
  1747  1746 1745
  1748  1748 1745
  1749  1747 1748
  1750  1752 1747
  1751  1746 1752
  1752  1747 1751
  1753  1746 1750
  1754  1745 1749
  1755  1753 1754
  1756  1753 1755
  1757  1753 1756
  1758  1757 1758
  1759  1757 1759
  1760  1757 1760

  1761  1764 1769
  1762  1768 1773
  1763  1762 1761
  1764  1764 1761
  1765  1763 1764
  1766  1768 1763
  1767  1762 1768
  1768  1763 1767
  1769  1762 1766
  1770  1761 1765
  1771  1769 1770
  1772  1769 1771
  1773  1769 1772
  1774  1773 1774
  1775  1773 1775
  1776  1773 1776

  1777  1780 1785
  1778  1784 1789
  1779  1778 1777
  1780  1780 1777
  1781  1779 1780
  1782  1784 1779
  1783  1778 1784
  1784  1779 1783
  1785  1778 1782
  1786  1777 1781
  1787  1785 1786
  1788  1785 1787
  1789  1785 1788
  1790  1789 1790
  1791  1789 1791
  1792  1789 1792

  1793  1796 1801
  1794  1800 1805
  1795  1794 1793
  1796  1796 1793
  1797  1795 1796
  1798  1800 1795
  1799  1794 1800
  1800  1795 1799
  1801  1794 1798
  1802  1793 1797
  1803  1801 1802
  1804  1801 1803
  1805  1801 1804
  1806  1805 1806
  1807  1805 1807
  1808  1805 1808

  1809  1812 1817
  1810  1816 1821
  1811  1810 1809
  1812  1812 1809
  1813  1811 1812
  1814  1816 1811
  1815  1810 1816
  1816  1811 1815
  1817  1810 1814
  1818  1809 1813
  1819  1817 1818
  1820  1817 1819
  1821  1817 1820
  1822  1821 1822
  1823  1821 1823
  1824  1821 1824

  1825  1828 1833
  1826  1832 1837
  1827  1826 1825
  1828  1828 1825
  1829  1827 1828
  1830  1832 1827
  1831  1826 1832
  1832  1827 1831
  1833  1826 1830
  1834  1825 1829
  1835  1833 1834
  1836  1833 1835
  1837  1833 1836
  1838  1837 1838
  1839  1837 1839
  1840  1837 1840

  1841  1844 1849
  1842  1848 1853
  1843  1842 1841
  1844  1844 1841
  1845  1843 1844
  1846  1848 1843
  1847  1842 1848
  1848  1843 1847
  1849  1842 1846
  1850  1841 1845
  1851  1849 1850
  1852  1849 1851
  1853  1849 1852
  1854  1853 1854
  1855  1853 1855
  1856  1853 1856

  1857  1860 1865
  1858  1864 1869
  1859  1858 1857
  1860  1860 1857
  1861  1859 1860
  1862  1864 1859
  1863  1858 1864
  1864  1859 1863
  1865  1858 1862
  1866  1857 1861
  1867  1865 1866
  1868  1865 1867
  1869  1865 1868
  1870  1869 1870
  1871  1869 1871
  1872  1869 1872

  1873  1876 1881
  1874  1880 1885
  1875  1874 1873
  1876  1876 1873
  1877  1875 1876
  1878  1880 1875
  1879  1874 1880
  1880  1875 1879
  1881  1874 1878
  1882  1873 1877
  1883  1881 1882
  1884  1881 1883
  1885  1881 1884
  1886  1885 1886
  1887  1885 1887
  1888  1885 1888

  1889  1892 1897
  1890  1896 1901
  1891  1890 1889
  1892  1892 1889
  1893  1891 1892
  1894  1896 1891
  1895  1890 1896
  1896  1891 1895
  1897  1890 1894
  1898  1889 1893
  1899  1897 1898
  1900  1897 1899
  1901  1897 1900
  1902  1901 1902
  1903  1901 1903
  1904  1901 1904

  1905  1908 1913
  1906  1912 1917
  1907  1906 1905
  1908  1908 1905
  1909  1907 1908
  1910  1912 1907
  1911  1906 1912
  1912  1907 1911
  1913  1906 1910
  1914  1905 1909
  1915  1913 1914
  1916  1913 1915
  1917  1913 1916
  1918  1917 1918
  1919  1917 1919
  1920  1917 1920

  1921  1924 1929
  1922  1928 1933
  1923  1922 1921
  1924  1924 1921
  1925  1923 1924
  1926  1928 1923
  1927  1922 1928
  1928  1923 1927
  1929  1922 1926
  1930  1921 1925
  1931  1929 1930
  1932  1929 1931
  1933  1929 1932
  1934  1933 1934
  1935  1933 1935
  1936  1933 1936

  1937  1940 1945
  1938  1944 1949
  1939  1938 1937
  1940  1940 1937
  1941  1939 1940
  1942  1944 1939
  1943  1938 1944
  1944  1939 1943
  1945  1938 1942
  1946  1937 1941
  1947  1945 1946
  1948  1945 1947
  1949  1945 1948
  1950  1949 1950
  1951  1949 1951
  1952  1949 1952

  1953  1956 1961
  1954  1960 1965
  1955  1954 1953
  1956  1956 1953
  1957  1955 1956
  1958  1960 1955
  1959  1954 1960
  1960  1955 1959
  1961  1954 1958
  1962  1953 1957
  1963  1961 1962
  1964  1961 1963
  1965  1961 1964
  1966  1965 1966
  1967  1965 1967
  1968  1965 1968

  1969  1972 1977
  1970  1976 1981
  1971  1970 1969
  1972  1972 1969
  1973  1971 1972
  1974  1976 1971
  1975  1970 1976
  1976  1971 1975
  1977  1970 1974
  1978  1969 1973
  1979  1977 1978
  1980  1977 1979
  1981  1977 1980
  1982  1981 1982
  1983  1981 1983
  1984  1981 1984

  1985  1988 1993
  1986  1992 1997
  1987  1986 1985
  1988  1988 1985
  1989  1987 1988
  1990  1992 1987
  1991  1986 1992
  1992  1987 1991
  1993  1986 1990
  1994  1985 1989
  1995  1993 1994
  1996  1993 1995
  1997  1993 1996
  1998  1997 1998
  1999  1997 1999
  2000  1997 2000
