1 133 4 9
2 133 8 13
3 363 1 2
4 323 1 4
5 322 3 4
6 322 3 8
7 323 2 8
8 295 3 7
9 297 2 6
10 297 1 5
11 125 9 10
12 125 9 11
13 125 9 12
14 125 13 14
15 125 13 15
16 125 13 16
17 133 20 25
18 133 24 29
19 363 17 18
20 323 17 20
21 322 19 20
22 322 19 24
23 323 18 24
24 295 19 23
25 297 18 22
26 297 17 21
27 125 25 26
28 125 25 27
29 125 25 28
30 125 29 30
31 125 29 31
32 125 29 32
33 133 36 41
34 133 40 45
35 363 33 34
36 323 33 36
37 322 35 36
38 322 35 40
39 323 34 40
40 295 35 39
41 297 34 38
42 297 33 37
43 125 41 42
44 125 41 43
45 125 41 44
46 125 45 46
47 125 45 47
48 125 45 48
49 133 52 57
50 133 56 61
51 363 49 50
52 323 49 52
53 322 51 52
54 322 51 56
55 323 50 56
56 295 51 55
57 297 50 54
58 297 49 53
59 125 57 58
60 125 57 59
61 125 57 60
62 125 61 62
63 125 61 63
64 125 61 64
65 133 68 73
66 133 72 77
67 363 65 66
68 323 65 68
69 322 67 68
70 322 67 72
71 323 66 72
72 295 67 71
73 297 66 70
74 297 65 69
75 125 73 74
76 125 73 75
77 125 73 76
78 125 77 78
79 125 77 79
80 125 77 80
81 133 84 89
82 133 88 93
83 363 81 82
84 323 81 84
85 322 83 84
86 322 83 88
87 323 82 88
88 295 83 87
89 297 82 86
90 297 81 85
91 125 89 90
92 125 89 91
93 125 89 92
94 125 93 94
95 125 93 95
96 125 93 96
97 133 100 105
98 133 104 109
99 363 97 98
100 323 97 100
101 322 99 100
102 322 99 104
103 323 98 104
104 295 99 103
105 297 98 102
106 297 97 101
107 125 105 106
108 125 105 107
109 125 105 108
110 125 109 110
111 125 109 111
112 125 109 112
113 133 116 121
114 133 120 125
115 363 113 114
116 323 113 116
117 322 115 116
118 322 115 120
119 323 114 120
120 295 115 119
121 297 114 118
122 297 113 117
123 125 121 122
124 125 121 123
125 125 121 124
126 125 125 126
127 125 125 127
128 125 125 128
129 133 132 137
130 133 136 141
131 363 129 130
132 323 129 132
133 322 131 132
134 322 131 136
135 323 130 136
136 295 131 135
137 297 130 134
138 297 129 133
139 125 137 138
140 125 137 139
141 125 137 140
142 125 141 142
143 125 141 143
144 125 141 144
145 133 148 153
146 133 152 157
147 363 145 146
148 323 145 148
149 322 147 148
150 322 147 152
151 323 146 152
152 295 147 151
153 297 146 150
154 297 145 149
155 125 153 154
156 125 153 155
157 125 153 156
158 125 157 158
159 125 157 159
160 125 157 160
161 133 164 169
162 133 168 173
163 363 161 162
164 323 161 164
165 322 163 164
166 322 163 168
167 323 162 168
168 295 163 167
169 297 162 166
170 297 161 165
171 125 169 170
172 125 169 171
173 125 169 172
174 125 173 174
175 125 173 175
176 125 173 176
177 133 180 185
178 133 184 189
179 363 177 178
180 323 177 180
181 322 179 180
182 322 179 184
183 323 178 184
184 295 179 183
185 297 178 182
186 297 177 181
187 125 185 186
188 125 185 187
189 125 185 188
190 125 189 190
191 125 189 191
192 125 189 192
193 133 196 201
194 133 200 205
195 363 193 194
196 323 193 196
197 322 195 196
198 322 195 200
199 323 194 200
200 295 195 199
201 297 194 198
202 297 193 197
203 125 201 202
204 125 201 203
205 125 201 204
206 125 205 206
207 125 205 207
208 125 205 208
209 133 212 217
210 133 216 221
211 363 209 210
212 323 209 212
213 322 211 212
214 322 211 216
215 323 210 216
216 295 211 215
217 297 210 214
218 297 209 213
219 125 217 218
220 125 217 219
221 125 217 220
222 125 221 222
223 125 221 223
224 125 221 224
225 133 228 233
226 133 232 237
227 363 225 226
228 323 225 228
229 322 227 228
230 322 227 232
231 323 226 232
232 295 227 231
233 297 226 230
234 297 225 229
235 125 233 234
236 125 233 235
237 125 233 236
238 125 237 238
239 125 237 239
240 125 237 240
241 133 244 249
242 133 248 253
243 363 241 242
244 323 241 244
245 322 243 244
246 322 243 248
247 323 242 248
248 295 243 247
249 297 242 246
250 297 241 245
251 125 249 250
252 125 249 251
253 125 249 252
254 125 253 254
255 125 253 255
256 125 253 256
257 133 260 265
258 133 264 269
259 363 257 258
260 323 257 260
261 322 259 260
262 322 259 264
263 323 258 264
264 295 259 263
265 297 258 262
266 297 257 261
267 125 265 266
268 125 265 267
269 125 265 268
270 125 269 270
271 125 269 271
272 125 269 272
273 133 276 281
274 133 280 285
275 363 273 274
276 323 273 276
277 322 275 276
278 322 275 280
279 323 274 280
280 295 275 279
281 297 274 278
282 297 273 277
283 125 281 282
284 125 281 283
285 125 281 284
286 125 285 286
287 125 285 287
288 125 285 288
289 133 292 297
290 133 296 301
291 363 289 290
292 323 289 292
293 322 291 292
294 322 291 296
295 323 290 296
296 295 291 295
297 297 290 294
298 297 289 293
299 125 297 298
300 125 297 299
301 125 297 300
302 125 301 302
303 125 301 303
304 125 301 304
305 133 308 313
306 133 312 317
307 363 305 306
308 323 305 308
309 322 307 308
310 322 307 312
311 323 306 312
312 295 307 311
313 297 306 310
314 297 305 309
315 125 313 314
316 125 313 315
317 125 313 316
318 125 317 318
319 125 317 319
320 125 317 320
321 133 324 329
322 133 328 333
323 363 321 322
324 323 321 324
325 322 323 324
326 322 323 328
327 323 322 328
328 295 323 327
329 297 322 326
330 297 321 325
331 125 329 330
332 125 329 331
333 125 329 332
334 125 333 334
335 125 333 335
336 125 333 336
337 133 340 345
338 133 344 349
339 363 337 338
340 323 337 340
341 322 339 340
342 322 339 344
343 323 338 344
344 295 339 343
345 297 338 342
346 297 337 341
347 125 345 346
348 125 345 347
349 125 345 348
350 125 349 350
351 125 349 351
352 125 349 352
353 133 356 361
354 133 360 365
355 363 353 354
356 323 353 356
357 322 355 356
358 322 355 360
359 323 354 360
360 295 355 359
361 297 354 358
362 297 353 357
363 125 361 362
364 125 361 363
365 125 361 364
366 125 365 366
367 125 365 367
368 125 365 368
369 133 372 377
370 133 376 381
371 363 369 370
372 323 369 372
373 322 371 372
374 322 371 376
375 323 370 376
376 295 371 375
377 297 370 374
378 297 369 373
379 125 377 378
380 125 377 379
381 125 377 380
382 125 381 382
383 125 381 383
384 125 381 384
385 133 388 393
386 133 392 397
387 363 385 386
388 323 385 388
389 322 387 388
390 322 387 392
391 323 386 392
392 295 387 391
393 297 386 390
394 297 385 389
395 125 393 394
396 125 393 395
397 125 393 396
398 125 397 398
399 125 397 399
400 125 397 400
401 133 404 409
402 133 408 413
403 363 401 402
404 323 401 404
405 322 403 404
406 322 403 408
407 323 402 408
408 295 403 407
409 297 402 406
410 297 401 405
411 125 409 410
412 125 409 411
413 125 409 412
414 125 413 414
415 125 413 415
416 125 413 416
417 133 420 425
418 133 424 429
419 363 417 418
420 323 417 420
421 322 419 420
422 322 419 424
423 323 418 424
424 295 419 423
425 297 418 422
426 297 417 421
427 125 425 426
428 125 425 427
429 125 425 428
430 125 429 430
431 125 429 431
432 125 429 432
433 133 436 441
434 133 440 445
435 363 433 434
436 323 433 436
437 322 435 436
438 322 435 440
439 323 434 440
440 295 435 439
441 297 434 438
442 297 433 437
443 125 441 442
444 125 441 443
445 125 441 444
446 125 445 446
447 125 445 447
448 125 445 448
449 133 452 457
450 133 456 461
451 363 449 450
452 323 449 452
453 322 451 452
454 322 451 456
455 323 450 456
456 295 451 455
457 297 450 454
458 297 449 453
459 125 457 458
460 125 457 459
461 125 457 460
462 125 461 462
463 125 461 463
464 125 461 464
465 133 468 473
466 133 472 477
467 363 465 466
468 323 465 468
469 322 467 468
470 322 467 472
471 323 466 472
472 295 467 471
473 297 466 470
474 297 465 469
475 125 473 474
476 125 473 475
477 125 473 476
478 125 477 478
479 125 477 479
480 125 477 480
481 133 484 489
482 133 488 493
483 363 481 482
484 323 481 484
485 322 483 484
486 322 483 488
487 323 482 488
488 295 483 487
489 297 482 486
490 297 481 485
491 125 489 490
492 125 489 491
493 125 489 492
494 125 493 494
495 125 493 495
496 125 493 496
497 133 500 505
498 133 504 509
499 363 497 498
500 323 497 500
501 322 499 500
502 322 499 504
503 323 498 504
504 295 499 503
505 297 498 502
506 297 497 501
507 125 505 506
508 125 505 507
509 125 505 508
510 125 509 510
511 125 509 511
512 125 509 512
513 133 516 521
514 133 520 525
515 363 513 514
516 323 513 516
517 322 515 516
518 322 515 520
519 323 514 520
520 295 515 519
521 297 514 518
522 297 513 517
523 125 521 522
524 125 521 523
525 125 521 524
526 125 525 526
527 125 525 527
528 125 525 528
529 133 532 537
530 133 536 541
531 363 529 530
532 323 529 532
533 322 531 532
534 322 531 536
535 323 530 536
536 295 531 535
537 297 530 534
538 297 529 533
539 125 537 538
540 125 537 539
541 125 537 540
542 125 541 542
543 125 541 543
544 125 541 544
545 133 548 553
546 133 552 557
547 363 545 546
548 323 545 548
549 322 547 548
550 322 547 552
551 323 546 552
552 295 547 551
553 297 546 550
554 297 545 549
555 125 553 554
556 125 553 555
557 125 553 556
558 125 557 558
559 125 557 559
560 125 557 560
561 133 564 569
562 133 568 573
563 363 561 562
564 323 561 564
565 322 563 564
566 322 563 568
567 323 562 568
568 295 563 567
569 297 562 566
570 297 561 565
571 125 569 570
572 125 569 571
573 125 569 572
574 125 573 574
575 125 573 575
576 125 573 576
577 133 580 585
578 133 584 589
579 363 577 578
580 323 577 580
581 322 579 580
582 322 579 584
583 323 578 584
584 295 579 583
585 297 578 582
586 297 577 581
587 125 585 586
588 125 585 587
589 125 585 588
590 125 589 590
591 125 589 591
592 125 589 592
593 133 596 601
594 133 600 605
595 363 593 594
596 323 593 596
597 322 595 596
598 322 595 600
599 323 594 600
600 295 595 599
601 297 594 598
602 297 593 597
603 125 601 602
604 125 601 603
605 125 601 604
606 125 605 606
607 125 605 607
608 125 605 608
609 133 612 617
610 133 616 621
611 363 609 610
612 323 609 612
613 322 611 612
614 322 611 616
615 323 610 616
616 295 611 615
617 297 610 614
618 297 609 613
619 125 617 618
620 125 617 619
621 125 617 620
622 125 621 622
623 125 621 623
624 125 621 624
625 133 628 633
626 133 632 637
627 363 625 626
628 323 625 628
629 322 627 628
630 322 627 632
631 323 626 632
632 295 627 631
633 297 626 630
634 297 625 629
635 125 633 634
636 125 633 635
637 125 633 636
638 125 637 638
639 125 637 639
640 125 637 640
641 133 644 649
642 133 648 653
643 363 641 642
644 323 641 644
645 322 643 644
646 322 643 648
647 323 642 648
648 295 643 647
649 297 642 646
650 297 641 645
651 125 649 650
652 125 649 651
653 125 649 652
654 125 653 654
655 125 653 655
656 125 653 656
657 133 660 665
658 133 664 669
659 363 657 658
660 323 657 660
661 322 659 660
662 322 659 664
663 323 658 664
664 295 659 663
665 297 658 662
666 297 657 661
667 125 665 666
668 125 665 667
669 125 665 668
670 125 669 670
671 125 669 671
672 125 669 672
673 133 676 681
674 133 680 685
675 363 673 674
676 323 673 676
677 322 675 676
678 322 675 680
679 323 674 680
680 295 675 679
681 297 674 678
682 297 673 677
683 125 681 682
684 125 681 683
685 125 681 684
686 125 685 686
687 125 685 687
688 125 685 688
689 133 692 697
690 133 696 701
691 363 689 690
692 323 689 692
693 322 691 692
694 322 691 696
695 323 690 696
696 295 691 695
697 297 690 694
698 297 689 693
699 125 697 698
700 125 697 699
701 125 697 700
702 125 701 702
703 125 701 703
704 125 701 704
705 133 708 713
706 133 712 717
707 363 705 706
708 323 705 708
709 322 707 708
710 322 707 712
711 323 706 712
712 295 707 711
713 297 706 710
714 297 705 709
715 125 713 714
716 125 713 715
717 125 713 716
718 125 717 718
719 125 717 719
720 125 717 720
721 133 724 729
722 133 728 733
723 363 721 722
724 323 721 724
725 322 723 724
726 322 723 728
727 323 722 728
728 295 723 727
729 297 722 726
730 297 721 725
731 125 729 730
732 125 729 731
733 125 729 732
734 125 733 734
735 125 733 735
736 125 733 736
737 133 740 745
738 133 744 749
739 363 737 738
740 323 737 740
741 322 739 740
742 322 739 744
743 323 738 744
744 295 739 743
745 297 738 742
746 297 737 741
747 125 745 746
748 125 745 747
749 125 745 748
750 125 749 750
751 125 749 751
752 125 749 752
753 133 756 761
754 133 760 765
755 363 753 754
756 323 753 756
757 322 755 756
758 322 755 760
759 323 754 760
760 295 755 759
761 297 754 758
762 297 753 757
763 125 761 762
764 125 761 763
765 125 761 764
766 125 765 766
767 125 765 767
768 125 765 768
769 133 772 777
770 133 776 781
771 363 769 770
772 323 769 772
773 322 771 772
774 322 771 776
775 323 770 776
776 295 771 775
777 297 770 774
778 297 769 773
779 125 777 778
780 125 777 779
781 125 777 780
782 125 781 782
783 125 781 783
784 125 781 784
785 133 788 793
786 133 792 797
787 363 785 786
788 323 785 788
789 322 787 788
790 322 787 792
791 323 786 792
792 295 787 791
793 297 786 790
794 297 785 789
795 125 793 794
796 125 793 795
797 125 793 796
798 125 797 798
799 125 797 799
800 125 797 800
801 133 804 809
802 133 808 813
803 363 801 802
804 323 801 804
805 322 803 804
806 322 803 808
807 323 802 808
808 295 803 807
809 297 802 806
810 297 801 805
811 125 809 810
812 125 809 811
813 125 809 812
814 125 813 814
815 125 813 815
816 125 813 816
817 133 820 825
818 133 824 829
819 363 817 818
820 323 817 820
821 322 819 820
822 322 819 824
823 323 818 824
824 295 819 823
825 297 818 822
826 297 817 821
827 125 825 826
828 125 825 827
829 125 825 828
830 125 829 830
831 125 829 831
832 125 829 832
833 133 836 841
834 133 840 845
835 363 833 834
836 323 833 836
837 322 835 836
838 322 835 840
839 323 834 840
840 295 835 839
841 297 834 838
842 297 833 837
843 125 841 842
844 125 841 843
845 125 841 844
846 125 845 846
847 125 845 847
848 125 845 848
849 133 852 857
850 133 856 861
851 363 849 850
852 323 849 852
853 322 851 852
854 322 851 856
855 323 850 856
856 295 851 855
857 297 850 854
858 297 849 853
859 125 857 858
860 125 857 859
861 125 857 860
862 125 861 862
863 125 861 863
864 125 861 864
865 133 868 873
866 133 872 877
867 363 865 866
868 323 865 868
869 322 867 868
870 322 867 872
871 323 866 872
872 295 867 871
873 297 866 870
874 297 865 869
875 125 873 874
876 125 873 875
877 125 873 876
878 125 877 878
879 125 877 879
880 125 877 880
881 133 884 889
882 133 888 893
883 363 881 882
884 323 881 884
885 322 883 884
886 322 883 888
887 323 882 888
888 295 883 887
889 297 882 886
890 297 881 885
891 125 889 890
892 125 889 891
893 125 889 892
894 125 893 894
895 125 893 895
896 125 893 896
897 133 900 905
898 133 904 909
899 363 897 898
900 323 897 900
901 322 899 900
902 322 899 904
903 323 898 904
904 295 899 903
905 297 898 902
906 297 897 901
907 125 905 906
908 125 905 907
909 125 905 908
910 125 909 910
911 125 909 911
912 125 909 912
913 133 916 921
914 133 920 925
915 363 913 914
916 323 913 916
917 322 915 916
918 322 915 920
919 323 914 920
920 295 915 919
921 297 914 918
922 297 913 917
923 125 921 922
924 125 921 923
925 125 921 924
926 125 925 926
927 125 925 927
928 125 925 928
929 133 932 937
930 133 936 941
931 363 929 930
932 323 929 932
933 322 931 932
934 322 931 936
935 323 930 936
936 295 931 935
937 297 930 934
938 297 929 933
939 125 937 938
940 125 937 939
941 125 937 940
942 125 941 942
943 125 941 943
944 125 941 944
945 133 948 953
946 133 952 957
947 363 945 946
948 323 945 948
949 322 947 948
950 322 947 952
951 323 946 952
952 295 947 951
953 297 946 950
954 297 945 949
955 125 953 954
956 125 953 955
957 125 953 956
958 125 957 958
959 125 957 959
960 125 957 960
961 133 964 969
962 133 968 973
963 363 961 962
964 323 961 964
965 322 963 964
966 322 963 968
967 323 962 968
968 295 963 967
969 297 962 966
970 297 961 965
971 125 969 970
972 125 969 971
973 125 969 972
974 125 973 974
975 125 973 975
976 125 973 976
977 133 980 985
978 133 984 989
979 363 977 978
980 323 977 980
981 322 979 980
982 322 979 984
983 323 978 984
984 295 979 983
985 297 978 982
986 297 977 981
987 125 985 986
988 125 985 987
989 125 985 988
990 125 989 990
991 125 989 991
992 125 989 992
993 133 996 1001
994 133 1000 1005
995 363 993 994
996 323 993 996
997 322 995 996
998 322 995 1000
999 323 994 1000
1000 295 995 999
1001 297 994 998
1002 297 993 997
1003 125 1001 1002
1004 125 1001 1003
1005 125 1001 1004
1006 125 1005 1006
1007 125 1005 1007
1008 125 1005 1008
1009 133 1012 1017
1010 133 1016 1021
1011 363 1009 1010
1012 323 1009 1012
1013 322 1011 1012
1014 322 1011 1016
1015 323 1010 1016
1016 295 1011 1015
1017 297 1010 1014
1018 297 1009 1013
1019 125 1017 1018
1020 125 1017 1019
1021 125 1017 1020
1022 125 1021 1022
1023 125 1021 1023
1024 125 1021 1024
1025 133 1028 1033
1026 133 1032 1037
1027 363 1025 1026
1028 323 1025 1028
1029 322 1027 1028
1030 322 1027 1032
1031 323 1026 1032
1032 295 1027 1031
1033 297 1026 1030
1034 297 1025 1029
1035 125 1033 1034
1036 125 1033 1035
1037 125 1033 1036
1038 125 1037 1038
1039 125 1037 1039
1040 125 1037 1040
1041 133 1044 1049
1042 133 1048 1053
1043 363 1041 1042
1044 323 1041 1044
1045 322 1043 1044
1046 322 1043 1048
1047 323 1042 1048
1048 295 1043 1047
1049 297 1042 1046
1050 297 1041 1045
1051 125 1049 1050
1052 125 1049 1051
1053 125 1049 1052
1054 125 1053 1054
1055 125 1053 1055
1056 125 1053 1056
1057 133 1060 1065
1058 133 1064 1069
1059 363 1057 1058
1060 323 1057 1060
1061 322 1059 1060
1062 322 1059 1064
1063 323 1058 1064
1064 295 1059 1063
1065 297 1058 1062
1066 297 1057 1061
1067 125 1065 1066
1068 125 1065 1067
1069 125 1065 1068
1070 125 1069 1070
1071 125 1069 1071
1072 125 1069 1072
1073 133 1076 1081
1074 133 1080 1085
1075 363 1073 1074
1076 323 1073 1076
1077 322 1075 1076
1078 322 1075 1080
1079 323 1074 1080
1080 295 1075 1079
1081 297 1074 1078
1082 297 1073 1077
1083 125 1081 1082
1084 125 1081 1083
1085 125 1081 1084
1086 125 1085 1086
1087 125 1085 1087
1088 125 1085 1088
1089 133 1092 1097
1090 133 1096 1101
1091 363 1089 1090
1092 323 1089 1092
1093 322 1091 1092
1094 322 1091 1096
1095 323 1090 1096
1096 295 1091 1095
1097 297 1090 1094
1098 297 1089 1093
1099 125 1097 1098
1100 125 1097 1099
1101 125 1097 1100
1102 125 1101 1102
1103 125 1101 1103
1104 125 1101 1104
1105 133 1108 1113
1106 133 1112 1117
1107 363 1105 1106
1108 323 1105 1108
1109 322 1107 1108
1110 322 1107 1112
1111 323 1106 1112
1112 295 1107 1111
1113 297 1106 1110
1114 297 1105 1109
1115 125 1113 1114
1116 125 1113 1115
1117 125 1113 1116
1118 125 1117 1118
1119 125 1117 1119
1120 125 1117 1120
1121 133 1124 1129
1122 133 1128 1133
1123 363 1121 1122
1124 323 1121 1124
1125 322 1123 1124
1126 322 1123 1128
1127 323 1122 1128
1128 295 1123 1127
1129 297 1122 1126
1130 297 1121 1125
1131 125 1129 1130
1132 125 1129 1131
1133 125 1129 1132
1134 125 1133 1134
1135 125 1133 1135
1136 125 1133 1136
1137 133 1140 1145
1138 133 1144 1149
1139 363 1137 1138
1140 323 1137 1140
1141 322 1139 1140
1142 322 1139 1144
1143 323 1138 1144
1144 295 1139 1143
1145 297 1138 1142
1146 297 1137 1141
1147 125 1145 1146
1148 125 1145 1147
1149 125 1145 1148
1150 125 1149 1150
1151 125 1149 1151
1152 125 1149 1152
1153 133 1156 1161
1154 133 1160 1165
1155 363 1153 1154
1156 323 1153 1156
1157 322 1155 1156
1158 322 1155 1160
1159 323 1154 1160
1160 295 1155 1159
1161 297 1154 1158
1162 297 1153 1157
1163 125 1161 1162
1164 125 1161 1163
1165 125 1161 1164
1166 125 1165 1166
1167 125 1165 1167
1168 125 1165 1168
1169 133 1172 1177
1170 133 1176 1181
1171 363 1169 1170
1172 323 1169 1172
1173 322 1171 1172
1174 322 1171 1176
1175 323 1170 1176
1176 295 1171 1175
1177 297 1170 1174
1178 297 1169 1173
1179 125 1177 1178
1180 125 1177 1179
1181 125 1177 1180
1182 125 1181 1182
1183 125 1181 1183
1184 125 1181 1184
1185 133 1188 1193
1186 133 1192 1197
1187 363 1185 1186
1188 323 1185 1188
1189 322 1187 1188
1190 322 1187 1192
1191 323 1186 1192
1192 295 1187 1191
1193 297 1186 1190
1194 297 1185 1189
1195 125 1193 1194
1196 125 1193 1195
1197 125 1193 1196
1198 125 1197 1198
1199 125 1197 1199
1200 125 1197 1200
1201 133 1204 1209
1202 133 1208 1213
1203 363 1201 1202
1204 323 1201 1204
1205 322 1203 1204
1206 322 1203 1208
1207 323 1202 1208
1208 295 1203 1207
1209 297 1202 1206
1210 297 1201 1205
1211 125 1209 1210
1212 125 1209 1211
1213 125 1209 1212
1214 125 1213 1214
1215 125 1213 1215
1216 125 1213 1216
1217 133 1220 1225
1218 133 1224 1229
1219 363 1217 1218
1220 323 1217 1220
1221 322 1219 1220
1222 322 1219 1224
1223 323 1218 1224
1224 295 1219 1223
1225 297 1218 1222
1226 297 1217 1221
1227 125 1225 1226
1228 125 1225 1227
1229 125 1225 1228
1230 125 1229 1230
1231 125 1229 1231
1232 125 1229 1232
1233 133 1236 1241
1234 133 1240 1245
1235 363 1233 1234
1236 323 1233 1236
1237 322 1235 1236
1238 322 1235 1240
1239 323 1234 1240
1240 295 1235 1239
1241 297 1234 1238
1242 297 1233 1237
1243 125 1241 1242
1244 125 1241 1243
1245 125 1241 1244
1246 125 1245 1246
1247 125 1245 1247
1248 125 1245 1248
1249 133 1252 1257
1250 133 1256 1261
1251 363 1249 1250
1252 323 1249 1252
1253 322 1251 1252
1254 322 1251 1256
1255 323 1250 1256
1256 295 1251 1255
1257 297 1250 1254
1258 297 1249 1253
1259 125 1257 1258
1260 125 1257 1259
1261 125 1257 1260
1262 125 1261 1262
1263 125 1261 1263
1264 125 1261 1264
1265 133 1268 1273
1266 133 1272 1277
1267 363 1265 1266
1268 323 1265 1268
1269 322 1267 1268
1270 322 1267 1272
1271 323 1266 1272
1272 295 1267 1271
1273 297 1266 1270
1274 297 1265 1269
1275 125 1273 1274
1276 125 1273 1275
1277 125 1273 1276
1278 125 1277 1278
1279 125 1277 1279
1280 125 1277 1280
1281 133 1284 1289
1282 133 1288 1293
1283 363 1281 1282
1284 323 1281 1284
1285 322 1283 1284
1286 322 1283 1288
1287 323 1282 1288
1288 295 1283 1287
1289 297 1282 1286
1290 297 1281 1285
1291 125 1289 1290
1292 125 1289 1291
1293 125 1289 1292
1294 125 1293 1294
1295 125 1293 1295
1296 125 1293 1296
1297 133 1300 1305
1298 133 1304 1309
1299 363 1297 1298
1300 323 1297 1300
1301 322 1299 1300
1302 322 1299 1304
1303 323 1298 1304
1304 295 1299 1303
1305 297 1298 1302
1306 297 1297 1301
1307 125 1305 1306
1308 125 1305 1307
1309 125 1305 1308
1310 125 1309 1310
1311 125 1309 1311
1312 125 1309 1312
1313 133 1316 1321
1314 133 1320 1325
1315 363 1313 1314
1316 323 1313 1316
1317 322 1315 1316
1318 322 1315 1320
1319 323 1314 1320
1320 295 1315 1319
1321 297 1314 1318
1322 297 1313 1317
1323 125 1321 1322
1324 125 1321 1323
1325 125 1321 1324
1326 125 1325 1326
1327 125 1325 1327
1328 125 1325 1328
1329 133 1332 1337
1330 133 1336 1341
1331 363 1329 1330
1332 323 1329 1332
1333 322 1331 1332
1334 322 1331 1336
1335 323 1330 1336
1336 295 1331 1335
1337 297 1330 1334
1338 297 1329 1333
1339 125 1337 1338
1340 125 1337 1339
1341 125 1337 1340
1342 125 1341 1342
1343 125 1341 1343
1344 125 1341 1344
1345 133 1348 1353
1346 133 1352 1357
1347 363 1345 1346
1348 323 1345 1348
1349 322 1347 1348
1350 322 1347 1352
1351 323 1346 1352
1352 295 1347 1351
1353 297 1346 1350
1354 297 1345 1349
1355 125 1353 1354
1356 125 1353 1355
1357 125 1353 1356
1358 125 1357 1358
1359 125 1357 1359
1360 125 1357 1360
1361 133 1364 1369
1362 133 1368 1373
1363 363 1361 1362
1364 323 1361 1364
1365 322 1363 1364
1366 322 1363 1368
1367 323 1362 1368
1368 295 1363 1367
1369 297 1362 1366
1370 297 1361 1365
1371 125 1369 1370
1372 125 1369 1371
1373 125 1369 1372
1374 125 1373 1374
1375 125 1373 1375
1376 125 1373 1376
1377 133 1380 1385
1378 133 1384 1389
1379 363 1377 1378
1380 323 1377 1380
1381 322 1379 1380
1382 322 1379 1384
1383 323 1378 1384
1384 295 1379 1383
1385 297 1378 1382
1386 297 1377 1381
1387 125 1385 1386
1388 125 1385 1387
1389 125 1385 1388
1390 125 1389 1390
1391 125 1389 1391
1392 125 1389 1392
1393 133 1396 1401
1394 133 1400 1405
1395 363 1393 1394
1396 323 1393 1396
1397 322 1395 1396
1398 322 1395 1400
1399 323 1394 1400
1400 295 1395 1399
1401 297 1394 1398
1402 297 1393 1397
1403 125 1401 1402
1404 125 1401 1403
1405 125 1401 1404
1406 125 1405 1406
1407 125 1405 1407
1408 125 1405 1408
1409 133 1412 1417
1410 133 1416 1421
1411 363 1409 1410
1412 323 1409 1412
1413 322 1411 1412
1414 322 1411 1416
1415 323 1410 1416
1416 295 1411 1415
1417 297 1410 1414
1418 297 1409 1413
1419 125 1417 1418
1420 125 1417 1419
1421 125 1417 1420
1422 125 1421 1422
1423 125 1421 1423
1424 125 1421 1424
1425 133 1428 1433
1426 133 1432 1437
1427 363 1425 1426
1428 323 1425 1428
1429 322 1427 1428
1430 322 1427 1432
1431 323 1426 1432
1432 295 1427 1431
1433 297 1426 1430
1434 297 1425 1429
1435 125 1433 1434
1436 125 1433 1435
1437 125 1433 1436
1438 125 1437 1438
1439 125 1437 1439
1440 125 1437 1440
1441 133 1444 1449
1442 133 1448 1453
1443 363 1441 1442
1444 323 1441 1444
1445 322 1443 1444
1446 322 1443 1448
1447 323 1442 1448
1448 295 1443 1447
1449 297 1442 1446
1450 297 1441 1445
1451 125 1449 1450
1452 125 1449 1451
1453 125 1449 1452
1454 125 1453 1454
1455 125 1453 1455
1456 125 1453 1456
1457 133 1460 1465
1458 133 1464 1469
1459 363 1457 1458
1460 323 1457 1460
1461 322 1459 1460
1462 322 1459 1464
1463 323 1458 1464
1464 295 1459 1463
1465 297 1458 1462
1466 297 1457 1461
1467 125 1465 1466
1468 125 1465 1467
1469 125 1465 1468
1470 125 1469 1470
1471 125 1469 1471
1472 125 1469 1472
1473 133 1476 1481
1474 133 1480 1485
1475 363 1473 1474
1476 323 1473 1476
1477 322 1475 1476
1478 322 1475 1480
1479 323 1474 1480
1480 295 1475 1479
1481 297 1474 1478
1482 297 1473 1477
1483 125 1481 1482
1484 125 1481 1483
1485 125 1481 1484
1486 125 1485 1486
1487 125 1485 1487
1488 125 1485 1488
1489 133 1492 1497
1490 133 1496 1501
1491 363 1489 1490
1492 323 1489 1492
1493 322 1491 1492
1494 322 1491 1496
1495 323 1490 1496
1496 295 1491 1495
1497 297 1490 1494
1498 297 1489 1493
1499 125 1497 1498
1500 125 1497 1499
1501 125 1497 1500
1502 125 1501 1502
1503 125 1501 1503
1504 125 1501 1504
1505 133 1508 1513
1506 133 1512 1517
1507 363 1505 1506
1508 323 1505 1508
1509 322 1507 1508
1510 322 1507 1512
1511 323 1506 1512
1512 295 1507 1511
1513 297 1506 1510
1514 297 1505 1509
1515 125 1513 1514
1516 125 1513 1515
1517 125 1513 1516
1518 125 1517 1518
1519 125 1517 1519
1520 125 1517 1520
1521 133 1524 1529
1522 133 1528 1533
1523 363 1521 1522
1524 323 1521 1524
1525 322 1523 1524
1526 322 1523 1528
1527 323 1522 1528
1528 295 1523 1527
1529 297 1522 1526
1530 297 1521 1525
1531 125 1529 1530
1532 125 1529 1531
1533 125 1529 1532
1534 125 1533 1534
1535 125 1533 1535
1536 125 1533 1536
1537 133 1540 1545
1538 133 1544 1549
1539 363 1537 1538
1540 323 1537 1540
1541 322 1539 1540
1542 322 1539 1544
1543 323 1538 1544
1544 295 1539 1543
1545 297 1538 1542
1546 297 1537 1541
1547 125 1545 1546
1548 125 1545 1547
1549 125 1545 1548
1550 125 1549 1550
1551 125 1549 1551
1552 125 1549 1552
1553 133 1556 1561
1554 133 1560 1565
1555 363 1553 1554
1556 323 1553 1556
1557 322 1555 1556
1558 322 1555 1560
1559 323 1554 1560
1560 295 1555 1559
1561 297 1554 1558
1562 297 1553 1557
1563 125 1561 1562
1564 125 1561 1563
1565 125 1561 1564
1566 125 1565 1566
1567 125 1565 1567
1568 125 1565 1568
1569 133 1572 1577
1570 133 1576 1581
1571 363 1569 1570
1572 323 1569 1572
1573 322 1571 1572
1574 322 1571 1576
1575 323 1570 1576
1576 295 1571 1575
1577 297 1570 1574
1578 297 1569 1573
1579 125 1577 1578
1580 125 1577 1579
1581 125 1577 1580
1582 125 1581 1582
1583 125 1581 1583
1584 125 1581 1584
1585 133 1588 1593
1586 133 1592 1597
1587 363 1585 1586
1588 323 1585 1588
1589 322 1587 1588
1590 322 1587 1592
1591 323 1586 1592
1592 295 1587 1591
1593 297 1586 1590
1594 297 1585 1589
1595 125 1593 1594
1596 125 1593 1595
1597 125 1593 1596
1598 125 1597 1598
1599 125 1597 1599
1600 125 1597 1600
1601 133 1604 1609
1602 133 1608 1613
1603 363 1601 1602
1604 323 1601 1604
1605 322 1603 1604
1606 322 1603 1608
1607 323 1602 1608
1608 295 1603 1607
1609 297 1602 1606
1610 297 1601 1605
1611 125 1609 1610
1612 125 1609 1611
1613 125 1609 1612
1614 125 1613 1614
1615 125 1613 1615
1616 125 1613 1616
1617 133 1620 1625
1618 133 1624 1629
1619 363 1617 1618
1620 323 1617 1620
1621 322 1619 1620
1622 322 1619 1624
1623 323 1618 1624
1624 295 1619 1623
1625 297 1618 1622
1626 297 1617 1621
1627 125 1625 1626
1628 125 1625 1627
1629 125 1625 1628
1630 125 1629 1630
1631 125 1629 1631
1632 125 1629 1632
1633 133 1636 1641
1634 133 1640 1645
1635 363 1633 1634
1636 323 1633 1636
1637 322 1635 1636
1638 322 1635 1640
1639 323 1634 1640
1640 295 1635 1639
1641 297 1634 1638
1642 297 1633 1637
1643 125 1641 1642
1644 125 1641 1643
1645 125 1641 1644
1646 125 1645 1646
1647 125 1645 1647
1648 125 1645 1648
1649 133 1652 1657
1650 133 1656 1661
1651 363 1649 1650
1652 323 1649 1652
1653 322 1651 1652
1654 322 1651 1656
1655 323 1650 1656
1656 295 1651 1655
1657 297 1650 1654
1658 297 1649 1653
1659 125 1657 1658
1660 125 1657 1659
1661 125 1657 1660
1662 125 1661 1662
1663 125 1661 1663
1664 125 1661 1664
1665 133 1668 1673
1666 133 1672 1677
1667 363 1665 1666
1668 323 1665 1668
1669 322 1667 1668
1670 322 1667 1672
1671 323 1666 1672
1672 295 1667 1671
1673 297 1666 1670
1674 297 1665 1669
1675 125 1673 1674
1676 125 1673 1675
1677 125 1673 1676
1678 125 1677 1678
1679 125 1677 1679
1680 125 1677 1680
1681 133 1684 1689
1682 133 1688 1693
1683 363 1681 1682
1684 323 1681 1684
1685 322 1683 1684
1686 322 1683 1688
1687 323 1682 1688
1688 295 1683 1687
1689 297 1682 1686
1690 297 1681 1685
1691 125 1689 1690
1692 125 1689 1691
1693 125 1689 1692
1694 125 1693 1694
1695 125 1693 1695
1696 125 1693 1696
1697 133 1700 1705
1698 133 1704 1709
1699 363 1697 1698
1700 323 1697 1700
1701 322 1699 1700
1702 322 1699 1704
1703 323 1698 1704
1704 295 1699 1703
1705 297 1698 1702
1706 297 1697 1701
1707 125 1705 1706
1708 125 1705 1707
1709 125 1705 1708
1710 125 1709 1710
1711 125 1709 1711
1712 125 1709 1712
1713 133 1716 1721
1714 133 1720 1725
1715 363 1713 1714
1716 323 1713 1716
1717 322 1715 1716
1718 322 1715 1720
1719 323 1714 1720
1720 295 1715 1719
1721 297 1714 1718
1722 297 1713 1717
1723 125 1721 1722
1724 125 1721 1723
1725 125 1721 1724
1726 125 1725 1726
1727 125 1725 1727
1728 125 1725 1728
1729 133 1732 1737
1730 133 1736 1741
1731 363 1729 1730
1732 323 1729 1732
1733 322 1731 1732
1734 322 1731 1736
1735 323 1730 1736
1736 295 1731 1735
1737 297 1730 1734
1738 297 1729 1733
1739 125 1737 1738
1740 125 1737 1739
1741 125 1737 1740
1742 125 1741 1742
1743 125 1741 1743
1744 125 1741 1744
1745 133 1748 1753
1746 133 1752 1757
1747 363 1745 1746
1748 323 1745 1748
1749 322 1747 1748
1750 322 1747 1752
1751 323 1746 1752
1752 295 1747 1751
1753 297 1746 1750
1754 297 1745 1749
1755 125 1753 1754
1756 125 1753 1755
1757 125 1753 1756
1758 125 1757 1758
1759 125 1757 1759
1760 125 1757 1760
1761 133 1764 1769
1762 133 1768 1773
1763 363 1761 1762
1764 323 1761 1764
1765 322 1763 1764
1766 322 1763 1768
1767 323 1762 1768
1768 295 1763 1767
1769 297 1762 1766
1770 297 1761 1765
1771 125 1769 1770
1772 125 1769 1771
1773 125 1769 1772
1774 125 1773 1774
1775 125 1773 1775
1776 125 1773 1776
1777 133 1780 1785
1778 133 1784 1789
1779 363 1777 1778
1780 323 1777 1780
1781 322 1779 1780
1782 322 1779 1784
1783 323 1778 1784
1784 295 1779 1783
1785 297 1778 1782
1786 297 1777 1781
1787 125 1785 1786
1788 125 1785 1787
1789 125 1785 1788
1790 125 1789 1790
1791 125 1789 1791
1792 125 1789 1792
1793 133 1796 1801
1794 133 1800 1805
1795 363 1793 1794
1796 323 1793 1796
1797 322 1795 1796
1798 322 1795 1800
1799 323 1794 1800
1800 295 1795 1799
1801 297 1794 1798
1802 297 1793 1797
1803 125 1801 1802
1804 125 1801 1803
1805 125 1801 1804
1806 125 1805 1806
1807 125 1805 1807
1808 125 1805 1808
1809 133 1812 1817
1810 133 1816 1821
1811 363 1809 1810
1812 323 1809 1812
1813 322 1811 1812
1814 322 1811 1816
1815 323 1810 1816
1816 295 1811 1815
1817 297 1810 1814
1818 297 1809 1813
1819 125 1817 1818
1820 125 1817 1819
1821 125 1817 1820
1822 125 1821 1822
1823 125 1821 1823
1824 125 1821 1824
1825 133 1828 1833
1826 133 1832 1837
1827 363 1825 1826
1828 323 1825 1828
1829 322 1827 1828
1830 322 1827 1832
1831 323 1826 1832
1832 295 1827 1831
1833 297 1826 1830
1834 297 1825 1829
1835 125 1833 1834
1836 125 1833 1835
1837 125 1833 1836
1838 125 1837 1838
1839 125 1837 1839
1840 125 1837 1840
1841 133 1844 1849
1842 133 1848 1853
1843 363 1841 1842
1844 323 1841 1844
1845 322 1843 1844
1846 322 1843 1848
1847 323 1842 1848
1848 295 1843 1847
1849 297 1842 1846
1850 297 1841 1845
1851 125 1849 1850
1852 125 1849 1851
1853 125 1849 1852
1854 125 1853 1854
1855 125 1853 1855
1856 125 1853 1856
1857 133 1860 1865
1858 133 1864 1869
1859 363 1857 1858
1860 323 1857 1860
1861 322 1859 1860
1862 322 1859 1864
1863 323 1858 1864
1864 295 1859 1863
1865 297 1858 1862
1866 297 1857 1861
1867 125 1865 1866
1868 125 1865 1867
1869 125 1865 1868
1870 125 1869 1870
1871 125 1869 1871
1872 125 1869 1872
1873 133 1876 1881
1874 133 1880 1885
1875 363 1873 1874
1876 323 1873 1876
1877 322 1875 1876
1878 322 1875 1880
1879 323 1874 1880
1880 295 1875 1879
1881 297 1874 1878
1882 297 1873 1877
1883 125 1881 1882
1884 125 1881 1883
1885 125 1881 1884
1886 125 1885 1886
1887 125 1885 1887
1888 125 1885 1888
1889 133 1892 1897
1890 133 1896 1901
1891 363 1889 1890
1892 323 1889 1892
1893 322 1891 1892
1894 322 1891 1896
1895 323 1890 1896
1896 295 1891 1895
1897 297 1890 1894
1898 297 1889 1893
1899 125 1897 1898
1900 125 1897 1899
1901 125 1897 1900
1902 125 1901 1902
1903 125 1901 1903
1904 125 1901 1904
1905 133 1908 1913
1906 133 1912 1917
1907 363 1905 1906
1908 323 1905 1908
1909 322 1907 1908
1910 322 1907 1912
1911 323 1906 1912
1912 295 1907 1911
1913 297 1906 1910
1914 297 1905 1909
1915 125 1913 1914
1916 125 1913 1915
1917 125 1913 1916
1918 125 1917 1918
1919 125 1917 1919
1920 125 1917 1920
1921 133 1924 1929
1922 133 1928 1933
1923 363 1921 1922
1924 323 1921 1924
1925 322 1923 1924
1926 322 1923 1928
1927 323 1922 1928
1928 295 1923 1927
1929 297 1922 1926
1930 297 1921 1925
1931 125 1929 1930
1932 125 1929 1931
1933 125 1929 1932
1934 125 1933 1934
1935 125 1933 1935
1936 125 1933 1936
1937 133 1940 1945
1938 133 1944 1949
1939 363 1937 1938
1940 323 1937 1940
1941 322 1939 1940
1942 322 1939 1944
1943 323 1938 1944
1944 295 1939 1943
1945 297 1938 1942
1946 297 1937 1941
1947 125 1945 1946
1948 125 1945 1947
1949 125 1945 1948
1950 125 1949 1950
1951 125 1949 1951
1952 125 1949 1952
1953 133 1956 1961
1954 133 1960 1965
1955 363 1953 1954
1956 323 1953 1956
1957 322 1955 1956
1958 322 1955 1960
1959 323 1954 1960
1960 295 1955 1959
1961 297 1954 1958
1962 297 1953 1957
1963 125 1961 1962
1964 125 1961 1963
1965 125 1961 1964
1966 125 1965 1966
1967 125 1965 1967
1968 125 1965 1968
1969 133 1972 1977
1970 133 1976 1981
1971 363 1969 1970
1972 323 1969 1972
1973 322 1971 1972
1974 322 1971 1976
1975 323 1970 1976
1976 295 1971 1975
1977 297 1970 1974
1978 297 1969 1973
1979 125 1977 1978
1980 125 1977 1979
1981 125 1977 1980
1982 125 1981 1982
1983 125 1981 1983
1984 125 1981 1984
1985 133 1988 1993
1986 133 1992 1997
1987 363 1985 1986
1988 323 1985 1988
1989 322 1987 1988
1990 322 1987 1992
1991 323 1986 1992
1992 295 1987 1991
1993 297 1986 1990
1994 297 1985 1989
1995 125 1993 1994
1996 125 1993 1995
1997 125 1993 1996
1998 125 1997 1998
1999 125 1997 1999
2000 125 1997 2000
